0	0	29114	
1	15	20503	
2	26	25699	
3	39	20297	
4	49	19932	
5	59	17413	
6	68	22434	
7	79	22943	
8	91	19728	
9	101	23416	
10	113	20618	
11	124	22330	
12	135	9069	
13	140	25349	
14	153	19810	
15	163	19530	
16	173	15093	
17	181	17310	
18	190	19745	
19	200	524	Reserved
20	201	3900	
21	203	4026	
22	205	6186	
23	209	6053	
24	212	11872	
25	218	10849	
26	224	501	
27	225	3881	
28	227	3276	
29	229	4784	
30	232	2548	
31	234	3517	
32	236	4811	
33	239	6904	
34	243	4774	
35	246	5205	
36	249	5210	
37	252	3105	
38	254	3485	
39	256	5263	
40	259	8398	
41	264	7938	
42	268	3377	
43	270	1430	
44	271	5806	
45	274	5524	
46	277	2218	
47	279	4585	
48	282	8579	
49	287	10349	
50	293	8003	
51	297	8188	
52	301	10186	
53	306	7932	
54	310	3132	
55	312	10763	
56	318	5256	
57	321	3047	
58	323	2317	
59	325	3867	
60	327	3188	
61	329	6070	
62	332	4871	
63	335	3870	
64	337	7381	
65	341	8866	
66	346	5603	
67	349	5583	
68	352	4250	
69	355	3735	
70	357	3642	
71	359	6609	
72	363	2831	
73	365	6508	
74	369	9032	
75	374	8110	
76	378	4933	
77	381	9684	
78	386	10553	
79	392	7895	
80	396	2494	
81	398	3252	
82	400	3073	
83	402	4301	
84	405	8810	
85	410	4076	
86	412	5960	
87	415	7441	
88	419	2396	
89	421	7766	
90	425	7287	
91	429	5894	
92	432	6664	
93	436	3476	
94	438	2129	
95	440	6778	
96	444	7802	
97	448	4483	
98	451	6292	
99	455	10850	
100	461	8104	
101	465	4818	
102	468	10370	
103	474	981	
104	475	1342	
105	476	2926	
106	478	3673	
107	480	1915	
108	481	2053	
109	483	2815	
110	485	744	
111	486	1905	
112	487	812	
113	488	8177	
114	492	9207	
115	497	8415	
116	502	7021	
117	506	9524	
118	511	7629	
119	515	5225	
120	518	4324	
121	521	6619	
122	525	7405	
123	529	6031	
124	532	8888	
125	537	10872	
126	543	3276	
127	545	12616	
128	552	7394	
129	556	6488	
130	560	11374	
131	566	3286	
132	568	10177	
133	573	9660	
134	578	7933	
135	582	10662	
136	588	9014	
137	593	9715	
138	598	8186	
139	602	7104	
140	606	3479	
141	608	7055	
142	612	10916	
143	618	9163	
144	623	7585	
145	627	5543	
146	630	4486	
147	633	7436	
148	637	6905	
149	641	7397	
150	645	7249	
151	649	8049	
152	653	7974	
153	657	6452	
154	661	7827	
155	665	5749	
156	668	8496	
157	673	12509	
158	680	10225	
159	685	12878	
160	692	11663	
161	698	14172	
162	705	14114	
163	712	5287	
164	715	5967	
165	718	4449	
166	721	7027	
167	725	9383	
168	730	10911	
169	736	6261	
170	740	9406	
171	745	5101	
172	748	8311	
173	753	4577	
174	756	12084	
175	762	14766	
176	770	3538	
177	772	3214	
178	774	5216	
179	777	2538	
180	779	2594	
181	781	2437	
182	783	5321	
183	786	3073	
184	788	1678	
185	789	2325	
186	791	3352	
187	793	3918	
188	795	6215	
189	799	5675	
190	802	2025	
191	803	2978	
192	805	4482	
193	808	1970	
194	809	7141	
195	813	6294	
196	817	6305	
197	821	7322	
198	825	7515	
199	829	6596	
200	833	12222	
201	839	9749	
202	844	11908	
203	850	4744	
204	853	3405	
205	855	3360	
206	857	2233	
207	859	9076	
208	864	10336	
209	870	9008	
210	875	11193	
211	881	11277	
212	887	9525	
213	892	9381	
214	897	11836	
215	903	17718	
216	912	15563	
217	920	12682	
218	927	12290	
219	934	10936	
220	940	16492	
221	949	14889	
222	957	13636	
223	964	14345	
224	972	16223	
225	980	13498	
226	987	15777	
227	995	12948	
228	1002	14441	
229	1010	14817	
230	1018	3227	
231	1020	10868	
232	1026	2025	
233	1027	4672	
234	1030	4572	
235	1033	7198	
236	1037	12756	
237	1044	6682	
238	1048	4633	
239	1051	6418	
240	1055	8479	
241	1060	7804	
242	1064	4872	
243	1067	4737	
244	1070	3659	
245	1072	4561	
246	1075	9167	
247	1080	6049	
248	1083	13530	
249	1090	15080	
250	1098	11127	
251	1104	15559	
252	1112	13652	
253	1119	4634	
254	1122	5722	
255	1125	7653	
256	1129	7761	
257	1133	6192	
258	1137	13816	
259	1144	11149	
260	1150	12090	
261	1156	15316	
262	1164	13288	
263	1171	15970	
264	1179	9821	
265	1184	12810	
266	1191	16468	
267	1200	10542	
268	1206	14495	
269	1214	5529	
270	1217	11560	
271	1223	3949	
272	1225	11244	
273	1231	6996	
274	1235	3319	
275	1237	4984	
276	1240	12501	
277	1247	3523	
278	1249	10372	
279	1255	14420	
280	1263	14110	
281	1270	14158	
282	1277	3084	
283	1279	11082	
284	1285	12534	
285	1292	10849	
286	1298	8774	
287	1303	10822	
288	1309	10346	
289	1315	9306	
290	1320	9230	
291	1325	11842	
292	1331	10724	
293	1337	9550	
294	1342	10223	
295	1347	9562	
296	1352	12721	
297	1359	8575	
298	1364	14215	
299	1371	6936	
300	1375	7807	
301	1379	8998	
302	1384	11607	
303	1390	11722	
304	1396	8223	
305	1401	10854	
306	1407	6268	
307	1411	11803	
308	1417	11216	
309	1423	12449	
310	1430	13088	
311	1437	3613	
312	1439	8170	
313	1443	6351	
314	1447	3360	
315	1449	14266	
316	1456	10127	
317	1461	4001	
318	1463	5881	
319	1466	8146	
320	1470	11898	
321	1476	9758	
322	1481	7401	
323	1485	4132	
324	1488	4490	
325	1491	6321	
326	1495	3788	
327	1497	2462	
328	1499	4690	
329	1502	10469	
330	1508	4753	
331	1511	2350	
332	1513	1956	
333	1514	6851	
334	1518	3900	
335	1520	4815	
336	1523	3877	
337	1525	10480	
338	1531	7724	
339	1535	7172	
340	1539	7442	
341	1543	4297	
342	1546	6914	
343	1550	6959	
344	1554	10573	
345	1560	6276	
346	1564	8133	
347	1568	6577	
348	1572	4692	
349	1575	4785	
350	1578	4722	
351	1581	6098	
352	1584	4248	
353	1587	3927	
354	1589	4045	
355	1591	9501	
356	1596	2270	
357	1598	8261	
358	1603	3519	
359	1605	7501	
360	1609	7536	
361	1613	5203	
362	1616	4045	
363	1618	4146	
364	1621	4138	
365	1624	3367	
366	1626	4524	
367	1629	8557	
368	1634	11072	
369	1640	8310	
370	1645	1123	
371	1646	344	
372	1647	8833	
373	1652	596	
374	1653	2416	
375	1655	7096	
376	1659	6659	
377	1663	1656	
378	1664	2414	
379	1666	9051	
380	1671	2260	
381	1673	4334	
382	1676	1447	
383	1677	719	
384	1678	7796	
385	1682	1213	
386	1683	2613	
387	1685	2206	
388	1687	1279	
389	1688	2808	
390	1690	8176	
391	1694	5623	
392	1697	3169	
393	1699	7443	
394	1703	5009	
395	1706	6534	
396	1710	9803	
397	1715	12050	
398	1721	8573	
399	1726	4025	
400	1728	17329	
401	1737	16885	
402	1746	9815	
403	1751	12690	
404	1758	14685	
405	1766	15960	
406	1774	4400	
407	1777	2937	
408	1779	7410	
409	1783	4220	
410	1786	8818	
411	1791	11126	
412	1797	3624	
413	1799	4161	
414	1802	8875	
415	1807	11505	
416	1813	8133	
417	1817	6083	
418	1820	2546	
419	1822	3028	
420	1824	5220	
421	1827	13434	
422	1834	5350	
423	1837	4386	
424	1840	11272	
425	1846	2135	
426	1848	5354	
427	1851	7291	
428	1855	3582	
429	1857	4134	
430	1860	8217	
431	1865	5499	
432	1868	6971	
433	1872	4263	
434	1875	7529	
435	1879	8818	
436	1884	9569	
437	1889	7397	
438	1893	5233	
439	1896	4000	
440	1898	4870	
441	1901	7543	
442	1905	7268	
443	1909	3454	
444	1911	8172	
445	1915	17530	
446	1924	14619	
447	1932	10987	
448	1938	9376	
449	1943	10638	
450	1949	5528	
451	1952	9022	
452	1957	10822	
453	1963	8585	
454	1968	6329	
455	1972	7951	
456	1976	8833	
457	1981	5449	
458	1984	12596	
459	1991	9758	
460	1996	8882	
461	2001	5962	
462	2004	5143	
463	2007	5092	
464	2010	2167	
465	2012	5748	
466	2015	11682	
467	2021	6570	
468	2025	9156	
469	2030	10193	
470	2035	5815	
471	2038	3790	
472	2040	4456	
473	2043	7358	
474	2047	6704	
475	2051	8191	
476	2055	10948	
477	2061	8338	
478	2066	10349	
479	2072	10736	
480	2078	10881	
481	2084	11501	
482	2090	5313	
483	2093	3708	
484	2095	5126	
485	2098	5810	
486	2101	6614	
487	2105	4273	
488	2108	9954	
489	2113	6546	
490	2117	13885	
491	2124	3950	
492	2126	7412	
493	2130	5720	
494	2133	5088	
495	2136	11581	
496	2142	10008	
497	2147	6648	
498	2151	7606	
499	2155	5948	
500	2158	7398	
501	2162	14513	
502	2170	5292	
503	2173	7924	
504	2177	16067	
505	2185	3806	
506	2187	3760	
507	2189	5399	
508	2192	12492	
509	2199	12955	
510	2206	3824	
511	2208	2597	
512	2210	3334	
513	2212	7376	
514	2216	7685	
515	2220	10440	
516	2226	7014	
517	2230	11678	
518	2236	9367	
519	2241	7042	
520	2245	4935	
521	2248	11036	
522	2254	14109	
523	2261	9564	
524	2266	5901	
525	2269	6037	
526	2272	4099	
527	2275	6029	
528	2278	8846	
529	2283	3474	
530	2285	3459	
531	2287	10442	
532	2293	6584	
533	2297	3497	
534	2299	10127	
535	2304	8251	
536	2309	15865	
537	2317	13655	
538	2324	5587	
539	2327	4284	
540	2330	5446	
541	2333	3138	
542	2335	2091	
543	2337	5851	
544	2340	6808	
545	2344	7542	
546	2348	2449	
547	2350	7781	
548	2354	5495	
549	2357	7903	
550	2361	6582	
551	2365	5736	
552	2368	6665	
553	2372	6256	
554	2376	5288	
555	2379	8832	
556	2384	5848	
557	2387	8454	
558	2392	7834	
559	2396	7383	
560	2400	5193
561	2403	8706
562	2408	8209
563	2413	6121
564	2416	8513
565	2421	9267
566	2426	8363
567	2431	7301
568	2435	4603
569	2438	9518
570	2443	3013
571	2445	10076
572	2450	4261
573	2453	5060
574	2456	7150
575	2460	6109
576	2463	6219
577	2467	9305
578	2472	3417
579	2474	4362
580	2477	5190
581	2480	6520
582	2484	7795
583	2488	2180
584	2490	6189
585	2494	2382
586	2496	2606
587	2498	1974
588	2499	4414
589	2502	3425
590	2504	8829
591	2509	4269
592	2512	8782
593	2517	4601
594	2520	6865
595	2524	7071
596	2528	11363
597	2534	6491
598	2538	6662
599	2542	5112
600	2545	5663
601	2548	6121
602	2551	6939
603	2555	5208
604	2558	5058
605	2561	8258
606	2566	7474
607	2570	7783
608	2574	6916
609	2578	7508
610	2582	4548
611	2585	6461
612	2589	6741
613	2593	2639
614	2595	8945
615	2600	4887
616	2603	3775
617	2605	8653
618	2610	8909
619	2615	6732
620	2619	10269
621	2625	5644
622	2628	6207
623	2632	5278
624	2635	4196
625	2638	11666
626	2644	10356
627	2650	6451
628	2654	8503
629	2659	12018
630	2665	11196
631	2671	12398
632	2678	7688
633	2682	10072
634	2687	8704
635	2692	8294
636	2697	7487
637	2701	6809
638	2705	7230
639	2709	8311
640	2714	7490
641	2718	9735
642	2723	8540
643	2728	12490
644	2735	8645
645	2740	4004
646	2742	6337
647	2746	13473
648	2753	12444
649	2760	4704
650	2763	6268
651	2767	12132
652	2773	8600
653	2778	6504
654	2782	5887
655	2785	10150
656	2790	4388
657	2793	3635
658	2795	16563
659	2804	5099
660	2807	12497
661	2814	12480
662	2821	6629
663	2825	10439
664	2831	7585
665	2835	7052
666	2839	6017
667	2842	10825
668	2848	12439
669	2855	11228
670	2861	8977
671	2866	6583
672	2870	7165
673	2874	9704
674	2879	10541
675	2885	2819
676	2887	4697
677	2890	10591
678	2896	10394
679	2902	7801
680	2906	13940
681	2913	5606
682	2916	12435
683	2923	3889
684	2925	7421
685	2929	5358
686	2932	7517
687	2936	3697
688	2938	3789
689	2940	6644
690	2944	6853
691	2948	8586
692	2953	11436
693	2959	7281
694	2963	7954
695	2967	6058
696	2970	6774
697	2974	7962
698	2978	10851
699	2984	6509
700	2988	12910
701	2995	8630
702	3000	5645
703	3003	4743
704	3006	10276
705	3012	6525
706	3016	12665
707	3023	15020
708	3031	7570
709	3035	10663
710	3041	10681
711	3047	8101
712	3051	9529
713	3056	5726
714	3059	6305
715	3063	13492
716	3070	13084
717	3077	5480
718	3080	2607
719	3082	8211
720	3087	8940
721	3092	6928
722	3096	14273
723	3103	10098
724	3108	11161
725	3114	9664
726	3119	9989
727	3124	7669
728	3128	4987
729	3131	5731
730	3134	7543
731	3138	4847
732	3141	9836
733	3146	14046
734	3153	8532
735	3158	9601
736	3163	13870
737	3170	7125
738	3174	9399
739	3179	12159
740	3185	7236
741	3189	6787
742	3193	6686
743	3197	6539
744	3201	11434
745	3207	8557
746	3212	7345
747	3216	6777
748	3220	8668
749	3225	7293
750	3229	8237
751	3234	4450
752	3237	4193
753	3240	6595
754	3244	8509
755	3249	5386
756	3252	8846
757	3257	9141
758	3262	9562
759	3267	6926
760	3271	8522
761	3276	12737
762	3283	12196
763	3289	10092
764	3294	7419
765	3298	6205
766	3302	5146
767	3305	3396
768	3307	12942
769	3314	8062
770	3318	2728
771	3320	10346
772	3326	9645
773	3331	5679
774	3334	6525
775	3338	5006
776	3341	11302
777	3347	5917
778	3350	7068
779	3354	11894
780	3360	6844
781	3364	11259
782	3370	5589
783	3373	8261
784	3378	6064	
785	3381	724	Reserved
786	3382	122900	Reserved
787	3443	314	Reserved
788	3444	372	Reserved
789	3445	340	Reserved