0	0	16980	
1	9	28287	
2	23	28554	
3	37	27181	
4	51	24740	
5	64	27486	
6	78	19796	
7	88	18742	
8	98	23187	
9	110	20764	
10	121	21370	
11	132	17170	
12	141	15647	
13	149	524	Reserved
14	150	9472	
15	155	12403	
16	162	4985	
17	165	3229	
18	167	8916	
19	172	8053	
20	176	6606	
21	180	5860	
22	183	6057	
23	186	5008	
24	189	3627	
25	191	8686	
26	196	9809	
27	201	8752	
28	206	8356	
29	211	8549	
30	216	3737	
31	218	4769	
32	221	10866	
33	227	8519	
34	232	5323	
35	235	4261	
36	238	13144	
37	245	3092	
38	247	2660	
39	249	11827	
40	255	15704	
41	263	16556	
42	272	16726	
43	281	2458	
44	283	2149	
45	285	2537	
46	287	3893	
47	289	4383	
48	292	4223	
49	295	3779	
50	297	3190	
51	299	1950	
52	300	2685	
53	302	2502	
54	304	2284	
55	306	2159	
56	308	2513	
57	310	3439	
58	312	2070	
59	314	3304	
60	316	3028	
61	318	3747	
62	320	2308	
63	322	1791	
64	323	2888	
65	325	3404	
66	327	4078	
67	329	3490	
68	331	4361	
69	334	4327	
70	337	4424	
71	340	2427	
72	342	4439	
73	345	3427	
74	347	3289	
75	349	6229	
76	353	10019	
77	358	12974	
78	365	5208	
79	368	11541	
80	374	8269	
81	379	8625	
82	384	8063	
83	388	5629	
84	391	9048	
85	396	3898	
86	398	1548	
87	399	16011	
88	407	9495	
89	412	4799	
90	415	14174	
91	422	14577	
92	430	11837	
93	436	13740	
94	443	10444	
95	449	12408	
96	456	9827	
97	461	12914	
98	468	12677	
99	475	9489	
100	480	6670	
101	484	12437	
102	491	12058	
103	497	9007	
104	502	12680	
105	509	11443	
106	515	13686	
107	522	13603	
108	529	11420	
109	535	9878	
110	540	10191	
111	545	10546	
112	551	4742	
113	554	8260	
114	559	6187	
115	563	8429	
116	568	10889	
117	574	9019	
118	579	9840	
119	584	10660	
120	590	11995	
121	596	11779	
122	602	11898	
123	608	13891	
124	615	12614	
125	622	8037	
126	626	4743	
127	629	11875	
128	635	9000	
129	640	9112	
130	645	8668	
131	650	9903	
132	655	10573	
133	661	5503	
134	664	3862	
135	666	6026	
136	669	8133	
137	673	5809	
138	676	3435	
139	678	6369	
140	682	1374	
141	683	5671	
142	686	8733	
143	691	5844	
144	694	6445	
145	698	5756	
146	701	6372	
147	705	6492	
148	709	4254	
149	712	5243	
150	715	9047	
151	720	9440	
152	725	6486	
153	729	4888	
154	732	5462	
155	735	6628	
156	739	4612	
157	742	4938	
158	745	1405	
159	746	4823	
160	749	3843	
161	751	3298	
162	753	11619	
163	759	12015	
164	765	8508	
165	770	5510	
166	773	4041	
167	775	5603	
168	778	7418	
169	782	7699	
170	786	5496	
171	789	8176	
172	793	3683	
173	795	5757	
174	798	6759	
175	802	6328	
176	806	6734	
177	810	5449	
178	813	2104	
179	815	1986	
180	816	3270	
181	818	3590	
182	820	3218	
183	822	3818	
184	824	3981	
185	826	2609	
186	828	2741	
187	830	2838	
188	832	4070	
189	834	6065	
190	837	5428	
191	840	6663	
192	844	6737	
193	848	7330	
194	852	7700	
195	856	1172	
196	857	3182	
197	859	5513	
198	862	4357	
199	865	4751	
200	868	6250	
201	872	12982	
202	879	13553	
203	886	11158	
204	892	11551	
205	898	12628	
206	905	3513	
207	907	12835	
208	914	12254	
209	920	9803	
210	925	14285	
211	932	9461	
212	937	12050	
213	943	8972	
214	948	8573	
215	953	10179	
216	958	10409	
217	964	4025	
218	966	17329	
219	975	13566	
220	982	16885	
221	991	13934	
222	998	12564	
223	1005	11646	
224	1011	9815	
225	1016	16288	
226	1024	16032	
227	1032	13653	
228	1039	12690	
229	1046	8425	
230	1051	7872	
231	1055	3802	
232	1057	14685	
233	1065	10656	
234	1071	15960	
235	1079	3966	
236	1081	3683	
237	1083	4012	
238	1085	3865	
239	1087	6090	
240	1090	11691	
241	1096	5047	
242	1099	8133	
243	1103	7847	
244	1107	5532	
245	1110	8450	
246	1115	11204	
247	1121	13924	
248	1128	15190	
249	1136	5551	
250	1139	4911	
251	1142	4314	
252	1145	4511	
253	1148	7276	
254	1152	5754	
255	1155	5817	
256	1158	3735	
257	1160	4537	
258	1163	4377	
259	1166	5004	
260	1169	3592	
261	1171	3575	
262	1173	4870	
263	1176	6349	
264	1180	9519	
265	1185	8994	
266	1190	5495	
267	1193	4286	
268	1196	11492	
269	1202	4459	
270	1205	4021	
271	1207	15312	
272	1215	18613	
273	1225	19660	
274	1235	8575	
275	1240	15034	
276	1248	15555	
277	1256	4463	
278	1259	8066	
279	1263	9229	
280	1268	11592	
281	1274	12301	
282	1281	10497	
283	1287	10822	
284	1293	9758	
285	1298	10298	
286	1304	8601	
287	1309	4316	
288	1312	5964	
289	1315	10948	
290	1321	11173	
291	1327	8322	
292	1332	10482	
293	1338	4331	
294	1341	16067	
295	1349	3726	
296	1351	7685	
297	1355	5901	
298	1358	4284	
299	1361	1893	
300	1362	5682	
301	1365	7828	
302	1369	7807	
303	1373	9345	
304	1378	8131	
305	1382	11433	
306	1388	14221	
307	1395	10582	
308	1401	6080	
309	1404	10857	
310	1410	9360	
311	1415	3410	
312	1417	1498	
313	1418	1522	
314	1419	2049	
315	1421	3013	
316	1423	3100	
317	1425	2904	
318	1427	6089	
319	1430	4423	
320	1433	11363	
321	1439	5658	
322	1442	4960	
323	1445	10595	
324	1451	5685	
325	1454	7161	
326	1458	10996	
327	1464	6928	
328	1468	7071	
329	1472	3137	
330	1474	12410	
331	1481	5860	
332	1484	5618	
333	1487	11196	
334	1493	9133	
335	1498	8938	
336	1503	8604	
337	1508	11205	
338	1514	13960	
339	1521	11505	
340	1527	7991	
341	1531	8822	
342	1536	6102	
343	1539	6370	
344	1543	4420	
345	1546	13473	
346	1553	3901	
347	1555	10232	
348	1560	7183	
349	1564	11696	
350	1570	10150	
351	1575	12189	
352	1581	10457	
353	1587	16563	
354	1596	7043	
355	1600	6845	
356	1604	4598	
357	1607	6541	
358	1611	5914	
359	1614	11186	
360	1620	17825	
361	1629	7378	
362	1633	8607	
363	1638	9673	
364	1643	12040	
365	1649	4610	
366	1652	12074	
367	1658	13273	
368	1665	8998	
369	1670	6844	
370	1674	7320	
371	1678	4657	
372	1681	6474	
373	1685	4993	
374	1688	4682	
375	1691	4508	
376	1694	6063	
377	1697	5760	
378	1700	3803	
379	1702	11248	
380	1708	7581	
381	1712	13203	
382	1719	13262	
383	1726	10092	
384	1731	10931	
385	1737	8121	
386	1741	6480	
387	1745	7585	
388	1749	5029	
389	1752	10825	
390	1758	14624	
391	1766	14770	
392	1774	11915	
393	1780	9134	
394	1785	12439	
395	1792	9474	
396	1797	9924	
397	1802	9840	
398	1807	5455	
399	1810	6961	
400	1814	11649	
401	1820	11228	
402	1826	11377	
403	1832	11380	
404	1838	13284	
405	1845	10508	
406	1851	6167	
407	1855	4732	
408	1858	9177	
409	1863	5987	
410	1866	7259	
411	1870	5076	
412	1873	8879	
413	1878	5602	
414	1881	9618	
415	1886	4530	
416	1889	8093	
417	1893	13055	
418	1900	8259	
419	1905	11584	
420	1911	11722	
421	1917	12831	
422	1924	12725	
423	1931	3410	
424	1933	6448	
425	1937	7468	
426	1941	10194	
427	1946	7696	
428	1950	6653	
429	1954	6652	
430	1958	7587	
431	1962	8212	
432	1967	4153	
433	1970	4017	
434	1972	4632	
435	1975	9119	
436	1980	7079	
437	1984	15376	
438	1992	5400	
439	1995	7887	
440	1999	5868	
441	2002	6765	
442	2006	4751	
443	2009	8338	
444	2014	10430	
445	2020	11237	
446	2026	4787	
447	2029	8515	
448	2034	5297	
449	2037	10750	
450	2043	4379	
451	2046	7273	
452	2050	6106	
453	2053	3785	
454	2055	9499	
455	2060	10529	
456	2066	8828	
457	2071	11070	
458	2077	6104	
459	2080	6937	
460	2084	7219	
461	2088	6269	
462	2092	3559	
463	2094	4509	
464	2097	12665	
465	2104	4103	
466	2107	3445	
467	2109	8032	
468	2113	12800	
469	2120	7863	
470	2124	11152	
471	2130	10371	
472	2136	8277	
473	2141	6095	
474	2144	7275	
475	2148	10869	
476	2154	10902	
477	2160	14663	
478	2168	5596	
479	2171	10398	
480	2177	7628	
481	2181	7709	
482	2185	5650	
483	2188	3767	
484	2190	3859	
485	2192	9521	
486	2197	8913	
487	2202	5750	
488	2205	7826	
489	2209	12222	
490	2215	5955	
491	2218	11297	
492	2224	9726	
493	2229	8999	
494	2234	3495	
495	2236	11608	
496	2242	10973	
497	2248	8396	
498	2253	9686	
499	2258	8398	
500	2263	8674	
501	2268	8536	
502	2273	7859	
503	2277	6953	
504	2281	5477	
505	2284	5172	
506	2287	11533	
507	2293	6294	
508	2297	5633	
509	2300	7627	
510	2304	7901	
511	2308	10843	
512	2314	4559	
513	2317	7373	
514	2321	11385	
515	2327	8780	
516	2332	9147	
517	2337	4886	
518	2340	5307	
519	2343	8179	
520	2347	12938	
521	2354	8686	
522	2359	10560	
523	2365	10208	
524	2370	11894	
525	2376	9449	
526	2381	10379	
527	2387	9504	
528	2392	10102	
529	2397	13120	
530	2404	10261	
531	2410	11665	
532	2416	11306	
533	2422	12098	
534	2428	8691	
535	2433	10927	
536	2439	8808	
537	2444	3559	
538	2446	9830	
539	2451	9353	
540	2456	13595	
541	2463	10860	
542	2469	9836	
543	2474	13421	
544	2481	10626	
545	2487	9287	
546	2492	8107	
547	2496	10365	
548	2502	10314	
549	2508	7594	
550	2512	724	Reserved
551	2513	122900	Reserved
552	2574	314	Reserved
553	2575	372	Reserved
554	2576	4635	Reserved
555	2579	340	Reserved
556	2580	21972	
557	2591	20825	